
808904176000012000025001285 2023-01-15 6.569378527505023 6.569378527505023 1.0 6.54 6.54
808904176000012000025001285 2023-01-31 6.655540174972202 6.655540174972202 1.0 -0.029378527505023122 -0.029378527505023122
808904176000011000025001265 2023-01-15 8.021594904598714 8.021594904598714 1.0 7.89 7.89
808904176000011000025001265 2023-01-16 0.503428097198821 0.503428097198821 1.0 -0.1315949045987148 -0.1315949045987148
808904176000011000025001265 2023-01-31 -13.470719248363366 -13.470719248363366 1.0 -0.6350230017975358 -0.6350230017975358
808904176000010000025001264 2023-01-15 1.6235432422451197 1.6235432422451197 1.0 1.0 1.0
808904176000010000025001264 2023-01-31 -0.6235432422451197 -0.6235432422451197 1.0 -0.6235432422451197 -0.6235432422451197
808904176000013000025001597 2023-01-15 8.948282890928112 8.948282890928112 1.0 101.92 101.92
808904176000013000025001597 2023-01-31 8.676900004414392 8.676900004414392 1.0 92.97171710907189 92.97171710907189
808904176000012000025001285 2023-01-15 6.569378527505023 6.569378527505023 1.0 6.54 6.54
808904176000012000025001285 2023-01-31 6.655540174972202 6.655540174972202 1.0 -0.029378527505023122 -0.029378527505023122
808904176000011000025001265 2023-01-15 8.021594904598714 8.021594904598714 1.0 7.89 7.89
808904176000011000025001265 2023-01-16 0.503428097198821 0.503428097198821 1.0 -0.1315949045987148 -0.1315949045987148
808904176000011000025001265 2023-01-31 -13.470719248363366 -13.470719248363366 1.0 -0.6350230017975358 -0.6350230017975358
808904176000010000025001264 2023-01-15 1.6235432422451197 1.6235432422451197 1.0 1.0 1.0
808904176000010000025001264 2023-01-31 -0.6235432422451197 -0.6235432422451197 1.0 -0.6235432422451197 -0.6235432422451197
808904176000013000025001597 2023-01-15 8.948282890928112 8.948282890928112 1.0 101.92 101.92
808904176000013000025001597 2023-01-31 8.676900004414392 8.676900004414392 1.0 92.97171710907189 92.97171710907189
808904176000012000025001285 2023-01-15 6.569378527505023 6.569378527505023 1.0 6.54 6.54
808904176000012000025001285 2023-01-31 6.655540174972202 6.655540174972202 1.0 -0.029378527505023122 -0.029378527505023122
808904176000011000025001265 2023-01-15 8.021594904598714 8.021594904598714 1.0 7.89 7.89
808904176000011000025001265 2023-01-16 0.503428097198821 0.503428097198821 1.0 -0.1315949045987148 -0.1315949045987148
808904176000011000025001265 2023-01-31 -13.470719248363366 -13.470719248363366 1.0 -0.6350230017975358 -0.6350230017975358
808904176000010000025001264 2023-01-15 1.6235432422451197 1.6235432422451197 1.0 1.0 1.0
808904176000010000025001264 2023-01-31 -0.6235432422451197 -0.6235432422451197 1.0 -0.6235432422451197 -0.6235432422451197
808904176000013000025001597 2023-01-15 8.948282890928112 8.948282890928112 1.0 101.92 101.92
808904176000013000025001597 2023-01-31 8.676900004414392 8.676900004414392 1.0 92.97171710907189 92.97171710907189
808904176000012000025001285 2023-01-15 6.569378527505023 6.569378527505023 1.0 6.54 6.54
808904176000012000025001285 2023-01-31 6.655540174972202 6.655540174972202 1.0 -0.029378527505023122 -0.029378527505023122
808904176000011000025001265 2023-01-15 8.021594904598714 8.021594904598714 1.0 7.89 7.89
808904176000011000025001265 2023-01-16 0.503428097198821 0.503428097198821 1.0 -0.1315949045987148 -0.1315949045987148
808904176000011000025001265 2023-01-31 -13.470719248363366 -13.470719248363366 1.0 -0.6350230017975358 -0.6350230017975358
808904176000010000025001264 2023-01-15 1.6235432422451197 1.6235432422451197 1.0 1.0 1.0
808904176000010000025001264 2023-01-31 -0.6235432422451197 -0.6235432422451197 1.0 -0.6235432422451197 -0.6235432422451197
808904176000013000025001597 2023-01-15 8.948282890928112 8.948282890928112 1.0 101.92 101.92
808904176000013000025001597 2023-01-31 8.676900004414392 8.676900004414392 1.0 92.97171710907189 92.97171710907189